4.875501482941520942e-03
2.880900180025491733e-04
1.601326462696306429e-04
1.186417668941430699e-04
9.756331624278876563e-05
8.165882597192346260e-05
7.196919485068064952e-05
6.600697281101020487e-05
6.201863090003219671e-05
5.850116548269094661e-05
5.548654800804797452e-05
5.328572102977583851e-05
5.126551252033095563e-05
5.008185485470069594e-05
4.819280758965760497e-05
4.839759130239447654e-05
4.719756934112714290e-05
4.596866018497772801e-05
4.739101920677058096e-05
8.254328843880406321e-05
6.394066280032954135e-05
6.041275510445605790e-05
5.144229501335454514e-05
5.374705484427977164e-05
5.019372257265786120e-05
4.906889456227266495e-05
4.787205801221716656e-05
4.852288680012861732e-05
4.671999626225442680e-05
4.696083973612985899e-05
4.670867223164047071e-05
4.502659037219321539e-05
4.472946426176349849e-05
4.362303483200473143e-05
4.414457302421700090e-05
4.433315506503277182e-05
4.434786559916877263e-05
4.281774808381063008e-05
4.232046328979776874e-05
4.323960896726930839e-05
4.179855260796709187e-05
4.159348666689765807e-05
4.209344887082503599e-05
4.089674077476957180e-05
4.165583992592777305e-05
4.015037287596593703e-05
3.888277137775730807e-05
3.824137563545567167e-05
3.734287729457718980e-05
4.041306823940734395e-05
3.670212852739495994e-05
3.500634772838869587e-05
3.494069790576759504e-05
3.291689971471593206e-05
3.187882942863021798e-05
3.247162789193680293e-05
3.191976890169219818e-05
2.982747520945849856e-05
2.953707947199290921e-05
2.820486693053680802e-05
2.714743518784719744e-05
2.697204071409942171e-05
2.663866606174754642e-05
2.634753112033649651e-05
2.509381686043828444e-05
2.457318728071792826e-05
2.381577123439153034e-05
2.402482058338743261e-05
2.335524407802343702e-05
2.334186666606304474e-05
2.276258341529076868e-05
2.209953111863190641e-05
2.117838320373266456e-05
2.064906171350836941e-05
2.098050348346684152e-05
2.013159428012537876e-05
2.063255746179493131e-05
2.036397727048703643e-05
1.948404214696590166e-05
1.909930757392430827e-05
1.880347511056849481e-05
1.881033974010885292e-05
1.874090110201601949e-05
1.776132653200572064e-05
1.804888394569085510e-05
1.803787887790046299e-05
1.703125580206687947e-05
1.720618352313370601e-05
1.753822243396522583e-05
1.684663537768453189e-05
1.648839967401727254e-05
1.681026224105153301e-05
1.567822752501039297e-05
1.565155822087642060e-05
1.581725193015396863e-05
1.518518596791788336e-05
1.523067496236763024e-05
1.594681652174282719e-05
1.519160044305560133e-05
1.477474605356595380e-05
1.399442846680661585e-05
1.501826701314712490e-05
1.391951541033146611e-05
1.395071461653666798e-05
1.357476039629546028e-05
1.386627094992339390e-05
1.396405498023038239e-05
1.368678093361571265e-05
1.297025567813155574e-05
1.311269039736847166e-05
1.355864251460540487e-05
1.262218567414189788e-05
1.189180918875839189e-05
1.236235142641817274e-05
1.166289920395987249e-05
1.194288896537424724e-05
1.165509708850246761e-05
1.189615582006808870e-05
1.208118959008667538e-05
1.139699279823010648e-05
1.154410996302127998e-05
1.172951923914903641e-05
1.143793258658358076e-05
1.111981985559396021e-05
1.104309697439020904e-05
1.215797627840705357e-05
1.067029213724405719e-05
1.037866456348031907e-05
1.002340987573309936e-05
1.102277914772760935e-05
1.032109570587635992e-05
1.006169308160072799e-05
9.681094694921437132e-06
1.064932622739434064e-05
1.008329040056802664e-05
9.823452563371877985e-06
9.663428651644304451e-06
9.255436337601470823e-06
9.244329861151831033e-06
9.146302857819440515e-06
9.407781135450932197e-06
9.363669188739247431e-06
9.062540107152016960e-06
9.067933801816251916e-06
9.251079877685696877e-06
8.399885612864940642e-06
8.853022476008240348e-06
8.592329968450941027e-06
8.349641789209271705e-06
8.307242950043777210e-06
7.951033288312221668e-06
7.890635547482816172e-06
9.065652877022027442e-06
8.223933778026548206e-06
8.009910616237902472e-06
7.776521581490669497e-06
7.731215797927385252e-06
7.861565569934706124e-06
7.814226934594141257e-06
7.394775636081855614e-06
7.450351199622673787e-06
8.137753279697790683e-06
7.995535071737928110e-06
7.483464243402219951e-06
7.109081219217235149e-06
7.254672945388543946e-06
7.496163998439442773e-06
6.897682216428317364e-06
7.592360944575678454e-06
7.653801776541514068e-06
7.643082735739881037e-06
6.653581903416731125e-06
6.366256336605146955e-06
6.510449544142223292e-06
7.884091929402832228e-06
7.389672759169722240e-06
6.593033606350218009e-06
6.824642467411952621e-06
6.352895054533291773e-06
6.124877647077179443e-06
7.449709673892357522e-06
7.442599095763095694e-06
7.563400119276290697e-06
7.041977713318677114e-06
5.976078476426967820e-06
6.083730381002775589e-06
5.681207730958703871e-06
5.784360977637940587e-06
5.730446776700167251e-06
5.707093986681381208e-06
5.814389443609494950e-06
6.123734950354749534e-06
5.828498436433923137e-06
5.557895487982022906e-06
5.559792860670616785e-06
6.132002148812413513e-06
